
    k  Calinski-Harabasz  Silhouette Width  Dunn Index  Davies-Bouldin
0   2         251.349339          0.581750    0.267426        0.593313
1   3         157.360153          0.479881    0.052970        0.789363
2   4         206.680603          0.385045    0.066806        0.869779
3   5         202.635850          0.345033    0.044177        0.943894
4   6         183.092576          0.333943    0.080754        0.993723
5   7         153.195637          0.266429    0.075291        1.124348
6   8         168.633156          0.341629    0.084221        0.990840
7   9         172.207856          0.324399    0.084221        0.977676
8  10         167.017475          0.335406    0.084221        0.975485
    k  Calinski-Harabasz  Silhouette Width  Dunn Index  Davies-Bouldin
0   2         251.349339          0.581750    0.267426        0.593313
1   3         157.360153          0.479881    0.052970        0.789363
2   4         206.680603          0.385045    0.066806        0.869779
3   5         202.635850          0.345033    0.044177        0.943894
4   6         183.092576          0.333943    0.080754        0.993723
5   7         153.195637          0.266429    0.075291        1.124348
6   8         168.633156          0.341629    0.084221        0.990840
7   9         172.207856          0.324399    0.084221        0.977676
8  10         167.017475          0.335406    0.084221        0.975485
   k  Calinski-Harabasz  Silhouette Width  Dunn Index  Davies-Bouldin
0  2         251.349339          0.581750    0.267426        0.593313
1  3         241.893262          0.459378    0.026497        0.834000
2  4         207.254837          0.386594    0.039893        0.870424
3  5         202.951525          0.345901    0.084221        0.948317
4  6         187.203060          0.326562    0.084221        1.050816
5  7         178.332464          0.325203    0.091192        1.017857
6  8         174.423309          0.339328    0.118678        0.916296
   k  Calinski-Harabasz  Silhouette Width  Dunn Index  Davies-Bouldin
0  2         513.924546          0.681046    0.076506        0.404293
1  3         561.627757          0.552819    0.098807        0.661972
2  4         530.765808          0.498051    0.136543        0.780307
3  5         495.243414          0.493080    0.136543        0.819384
4  6         473.515454          0.367846    0.082903        0.925770
5  7         449.641035          0.358829    0.082903        0.966860
6  8         434.737802          0.338360    0.096003        0.975402
   k  Calinski-Harabasz  Silhouette Width  Dunn Index  Davies-Bouldin
0  2         513.924546          0.681046    0.076506        0.404293
1  3         561.627757          0.552819    0.098807        0.661972
2  4         530.765808          0.498051    0.136543        0.780307
3  5         495.243414          0.493080    0.136543        0.819384
4  6         473.515454          0.367846    0.082903        0.925770
5  7         449.641035          0.358829    0.082903        0.966860
6  8         434.737802          0.338360    0.096003        0.975402
   k  Calinski-Harabasz  Silhouette Width  Dunn Index  Davies-Bouldin
0  2         513.924546          0.681046    0.076506        0.404293
1  3         561.593732          0.551192    0.109435        0.666039
2  4         413.432835          0.410428    0.052815        0.869001
3  5         457.964317          0.368920    0.068199        0.902488
4  6         470.447438          0.368711    0.082903        0.920415
5  7         443.065608          0.344060    0.085280        1.012181
6  8         430.847527          0.335103    0.097358        1.024364
