-0.900681 1.019 -1.34023 -1.31544 
-1.14302 -0.131979 -1.34023 -1.31544 
-1.38535 0.328414 -1.39706 -1.31544 
-1.50652 0.0982173 -1.28339 -1.31544 
-1.02185 1.2492 -1.34023 -1.31544 
-0.537178 1.93979 -1.16971 -1.05218 
-1.50652 0.788808 -1.34023 -1.18381 
-1.02185 0.788808 -1.28339 -1.31544 
-1.74886 -0.362176 -1.34023 -1.31544 
-1.14302 0.0982173 -1.28339 -1.44708 
-0.537178 1.4794 -1.28339 -1.31544 
-1.26418 0.788808 -1.22655 -1.31544 
-1.26418 -0.131979 -1.34023 -1.44708 
-1.87002 -0.131979 -1.51074 -1.44708 
-0.0525061 2.16999 -1.4539 -1.31544 
-0.173674 3.09078 -1.28339 -1.05218 
-0.537178 1.93979 -1.39706 -1.05218 
-0.900681 1.019 -1.34023 -1.18381 
-0.173674 1.70959 -1.16971 -1.18381 
-0.900681 1.70959 -1.28339 -1.18381 
-0.537178 0.788808 -1.16971 -1.31544 
-0.900681 1.4794 -1.28339 -1.05218 
-1.50652 1.2492 -1.56758 -1.31544 
-0.900681 0.558611 -1.16971 -0.920548 
-1.26418 0.788808 -1.05604 -1.31544 
-1.02185 -0.131979 -1.22655 -1.31544 
-1.02185 0.788808 -1.22655 -1.05218 
-0.779513 1.019 -1.28339 -1.31544 
-0.779513 0.788808 -1.34023 -1.31544 
-1.38535 0.328414 -1.22655 -1.31544 
-1.26418 0.0982173 -1.22655 -1.31544 
-0.537178 0.788808 -1.28339 -1.05218 
-0.779513 2.40018 -1.28339 -1.44708 
-0.41601 2.63038 -1.34023 -1.31544 
-1.14302 0.0982173 -1.28339 -1.31544 
-1.02185 0.328414 -1.4539 -1.31544 
-0.41601 1.019 -1.39706 -1.31544 
-1.14302 1.2492 -1.34023 -1.44708 
-1.74886 -0.131979 -1.39706 -1.31544 
-0.900681 0.788808 -1.28339 -1.31544 
-1.02185 1.019 -1.39706 -1.18381 
-1.62769 -1.74336 -1.39706 -1.18381 
-1.74886 0.328414 -1.39706 -1.31544 
-1.02185 1.019 -1.22655 -0.788916 
-0.900681 1.70959 -1.05604 -1.05218 
-1.26418 -0.131979 -1.34023 -1.18381 
-0.900681 1.70959 -1.22655 -1.31544 
-1.50652 0.328414 -1.34023 -1.31544 
-0.658345 1.4794 -1.28339 -1.31544 
-1.02185 0.558611 -1.34023 -1.31544 
1.40151 0.328414 0.535409 0.264142 
0.674501 0.328414 0.421734 0.395774 
1.28034 0.0982173 0.649083 0.395774 
-0.41601 -1.74336 0.137547 0.13251 
0.795669 -0.592373 0.478571 0.395774 
-0.173674 -0.592373 0.421734 0.13251 
0.553333 0.558611 0.535409 0.527406 
-1.14302 -1.51316 -0.260315 -0.262387 
0.916837 -0.362176 0.478571 0.13251 
-0.779513 -0.82257 0.0807091 0.264142 
-1.02185 -2.43395 -0.146641 -0.262387 
0.0686618 -0.131979 0.251221 0.395774 
0.18983 -1.97355 0.137547 -0.262387 
0.310998 -0.362176 0.535409 0.264142 
-0.294842 -0.362176 -0.0898031 0.13251 
1.038 0.0982173 0.364896 0.264142 
-0.294842 -0.131979 0.421734 0.395774 
-0.0525061 -0.82257 0.194384 -0.262387 
0.432165 -1.97355 0.421734 0.395774 
-0.294842 -1.28296 0.0807091 -0.130755 
0.0686618 0.328414 0.592246 0.790671 
0.310998 -0.592373 0.137547 0.13251 
0.553333 -1.28296 0.649083 0.395774 
0.310998 -0.592373 0.535409 0.000877548 
0.674501 -0.362176 0.308059 0.13251 
0.916837 -0.131979 0.364896 0.264142 
1.15917 -0.592373 0.592246 0.264142 
1.038 -0.131979 0.705921 0.659038 
0.18983 -0.362176 0.421734 0.395774 
-0.173674 -1.05277 -0.146641 -0.262387 
-0.41601 -1.51316 0.0238717 -0.130755 
-0.41601 -1.51316 -0.0329657 -0.262387 
-0.0525061 -0.82257 0.0807091 0.000877548 
0.18983 -0.82257 0.762758 0.527406 
-0.537178 -0.131979 0.421734 0.395774 
0.18983 0.788808 0.421734 0.527406 
1.038 0.0982173 0.535409 0.395774 
0.553333 -1.74336 0.364896 0.13251 
-0.294842 -0.131979 0.194384 0.13251 
-0.41601 -1.28296 0.137547 0.13251 
-0.41601 -1.05277 0.364896 0.000877548 
0.310998 -0.131979 0.478571 0.264142 
-0.0525061 -1.05277 0.137547 0.000877548 
-1.02185 -1.74336 -0.260315 -0.262387 
-0.294842 -0.82257 0.251221 0.13251 
-0.173674 -0.131979 0.251221 0.000877548 
-0.173674 -0.362176 0.251221 0.13251 
0.432165 -0.362176 0.308059 0.13251 
-0.900681 -1.28296 -0.430828 -0.130755 
-0.173674 -0.592373 0.194384 0.13251 
0.553333 0.558611 1.2743 1.7121 
-0.0525061 -0.82257 0.762758 0.922303 
1.52268 -0.131979 1.21746 1.18557 
0.553333 -0.362176 1.04695 0.790671 
0.795669 -0.131979 1.16062 1.3172 
2.12852 -0.131979 1.61532 1.18557 
-1.14302 -1.28296 0.421734 0.659038 
1.76501 -0.362176 1.44481 0.790671 
1.038 -1.28296 1.16062 0.790671 
1.64384 1.2492 1.33113 1.7121 
0.795669 0.328414 0.762758 1.05394 
0.674501 -0.82257 0.876433 0.922303 
1.15917 -0.131979 0.990108 1.18557 
-0.173674 -1.28296 0.705921 1.05394 
-0.0525061 -0.592373 0.762758 1.58046 
0.674501 0.328414 0.876433 1.44883 
0.795669 -0.131979 0.990108 0.790671 
2.24968 1.70959 1.67216 1.3172 
2.24968 -1.05277 1.78583 1.44883 
0.18983 -1.97355 0.705921 0.395774 
1.28034 0.328414 1.10378 1.44883 
-0.294842 -0.592373 0.649083 1.05394 
2.24968 -0.592373 1.67216 1.05394 
0.553333 -0.82257 0.649083 0.790671 
1.038 0.558611 1.10378 1.18557 
1.64384 0.328414 1.2743 0.790671 
0.432165 -0.592373 0.592246 0.790671 
0.310998 -0.131979 0.649083 0.790671 
0.674501 -0.592373 1.04695 1.18557 
1.64384 -0.131979 1.16062 0.527406 
1.88618 -0.592373 1.33113 0.922303 
2.49202 1.70959 1.50164 1.05394 
0.674501 -0.592373 1.04695 1.3172 
0.553333 -0.592373 0.762758 0.395774 
0.310998 -1.05277 1.04695 0.264142 
2.24968 -0.131979 1.33113 1.44883 
0.553333 0.788808 1.04695 1.58046 
0.674501 0.0982173 0.990108 0.790671 
0.18983 -0.131979 0.592246 0.790671 
1.28034 0.0982173 0.933271 1.18557 
1.038 0.0982173 1.04695 1.58046 
1.28034 0.0982173 0.762758 1.44883 
-0.0525061 -0.82257 0.762758 0.922303 
1.15917 0.328414 1.21746 1.44883 
1.038 0.558611 1.10378 1.7121 
1.038 -0.131979 0.819596 1.44883 
0.553333 -1.28296 0.705921 0.922303 
0.795669 -0.131979 0.819596 1.05394 
0.432165 0.788808 0.933271 1.44883 
0.0686618 -0.131979 0.762758 0.790671 
